from,to,distance
12145,12146,0.999858
12146,12145,0.999858
12440,12441,0.999843
12441,12440,0.999843
12154,12145,0.999774
12145,12154,0.999774
12146,12156,0.999714
12156,12146,0.999714
12154,12156,0.999711
12156,12154,0.999711
12144,12145,0.999708
12147,12151,0.999703
12151,12147,0.999703
12441,12461,0.999680
12461,12441,0.999680
12440,12461,0.999675
12461,12440,0.999675
12460,12440,0.999665
12301,12440,0.999616
12161,12160,0.999598
12160,12161,0.999598
12460,12461,0.999595
12144,12146,0.999588
12301,12441,0.999587
12159,12146,0.999547
12159,12144,0.999543
12151,12149,0.999483
12149,12151,0.999483
12147,12460,0.999262
12153,12154,0.999251
12149,12461,0.999210
12153,12145,0.998937
12152,12461,0.998527
7392,7373,0.998518
7373,7392,0.998518
12160,12153,0.998506
12143,11972,0.998447
11972,12143,0.998447
7456,7455,0.998416
7455,7456,0.998416
11835,12151,0.998393
12161,12153,0.998335
12152,12151,0.998316
6847,6844,0.998298
6844,6847,0.998298
11835,12147,0.998228
11834,12161,0.998167
3280,3266,0.998141
3266,3280,0.998141
5352,5350,0.998036
5350,5352,0.998036
5003,5000,0.997901
5000,5003,0.997901
5115,5114,0.997896
5114,5115,0.997896
5290,5293,0.997872
5293,5290,0.997872
11834,12150,0.997869
12150,11834,0.997869
9397,9399,0.997822
9399,9397,0.997822
9181,9177,0.997807
9177,9181,0.997807
9302,9299,0.997786
9299,9302,0.997786
7442,7459,0.997754
7459,7442,0.997754
5004,5001,0.997700
5001,5004,0.997700
11972,12152,0.997691
11653,11655,0.997648
11655,11653,0.997648
12445,12444,0.997579
12444,12445,0.997579
7151,7191,0.997411
7191,7151,0.997411
7169,7172,0.997351
7172,7169,0.997351
12017,12016,0.997296
12016,12017,0.997296
7157,7158,0.997150
7158,7157,0.997150
8780,8773,0.997121
8773,8780,0.997121
7329,7330,0.997095
7330,7329,0.997095
11971,12156,0.997044
11572,11575,0.997041
11575,11572,0.997041
11793,12150,0.997038
12150,11793,0.997038
11971,12145,0.997006
3795,3783,0.996984
3783,3795,0.996984
9390,9392,0.996977
9392,9390,0.996977
11297,11298,0.996954
11298,11297,0.996954
2981,2979,0.996946
2979,2981,0.996946
10728,10735,0.996931
10735,10728,0.996931
3073,3074,0.996914
3074,3073,0.996914
7387,7386,0.996896
7386,7387,0.996896
3238,3237,0.996890
3237,3238,0.996890
7399,7400,0.996884
7400,7399,0.996884
11288,11286,0.996875
11286,11288,0.996875
11026,11027,0.996839
11027,11026,0.996839
6876,6877,0.996787
6877,6876,0.996787
3561,3559,0.996765
3559,3561,0.996765
9455,9454,0.996753
9454,9455,0.996753
7255,7239,0.996706
7239,7255,0.996706
6819,6817,0.996675
6817,6819,0.996675
8753,8760,0.996674
8760,8753,0.996674
9320,9321,0.996668
9321,9320,0.996668
8708,8709,0.996667
8709,8708,0.996667
7328,7327,0.996667
7327,7328,0.996667
5032,4958,0.996640
4958,5032,0.996640
3244,3234,0.996634
3234,3244,0.996634
1806,1835,0.996634
1835,1806,0.996634
6819,6822,0.996631
6822,6819,0.996631
7608,7612,0.996629
7612,7608,0.996629
12142,11793,0.996629
11793,12142,0.996629
9459,9457,0.996614
9457,9459,0.996614
1521,1523,0.996613
1523,1521,0.996613
11265,11267,0.996612
11267,11265,0.996612
7395,7396,0.996609
7396,7395,0.996609
7609,7613,0.996594
7613,7609,0.996594
5748,4825,0.996582
4825,5748,0.996582
12432,12431,0.996572
12431,12432,0.996572
9480,9481,0.996563
9481,9480,0.996563
7093,7094,0.996562
7094,7093,0.996562
11052,11051,0.996552
11051,11052,0.996552
9478,9477,0.996537
9477,9478,0.996537
7959,7958,0.996524
7958,7959,0.996524
7294,7293,0.996523
7293,7294,0.996523
1261,1262,0.996508
1262,1261,0.996508
9534,9533,0.996500
9533,9534,0.996500
6967,6968,0.996497
6968,6967,0.996497
8257,8258,0.996481
8258,8257,0.996481
8809,8816,0.996412
8816,8809,0.996412
8827,8826,0.996406
8826,8827,0.996406
3182,3183,0.996394
3183,3182,0.996394
9469,9468,0.996386
9468,9469,0.996386
10924,11045,0.996332
11045,10924,0.996332
9444,9443,0.996311
9443,9444,0.996311
9498,9499,0.996305
9499,9498,0.996305
10966,10965,0.996299
10965,10966,0.996299
9070,9069,0.996289
9069,9070,0.996289
1717,1737,0.996266
1737,1717,0.996266
7291,7290,0.996263
7290,7291,0.996263
11969,11955,0.996256
11955,11969,0.996256
5420,5384,0.996254
5384,5420,0.996254
9475,9474,0.996249
9474,9475,0.996249
1682,1683,0.996235
1683,1682,0.996235
1752,1749,0.996225
1749,1752,0.996225
11414,11427,0.996219
11427,11414,0.996219
9221,9234,0.996178
9234,9221,0.996178
8988,8826,0.996166
8826,8988,0.996166
11018,11019,0.996162
11019,11018,0.996162
9304,9305,0.996143
9305,9304,0.996143
7265,7277,0.996141
7277,7265,0.996141
6720,6721,0.996137
6721,6720,0.996137
3213,3212,0.996134
3212,3213,0.996134
9285,9284,0.996134
9284,9285,0.996134
4017,4018,0.996112
4018,4017,0.996112
12459,12458,0.996093
12458,12459,0.996093
2979,2980,0.996086
2980,2979,0.996086
11277,11274,0.996081
11274,11277,0.996081
5655,5666,0.996080
5666,5655,0.996080
12408,12409,0.996078
12409,12408,0.996078
5101,5100,0.996076
5100,5101,0.996076
8829,8828,0.996074
8828,8829,0.996074
9555,9557,0.996072
9557,9555,0.996072
9163,9164,0.996067
9164,9163,0.996067
11570,11568,0.996062
11568,11570,0.996062
8867,8866,0.996047
8866,8867,0.996047
5411,5399,0.996041
5399,5411,0.996041
11560,11554,0.996028
11554,11560,0.996028
2969,2968,0.996024
2968,2969,0.996024
7530,7531,0.996013
7531,7530,0.996013
1819,1820,0.996004
1820,1819,0.996004
7397,7395,0.996003
7395,7397,0.996003
11302,11301,0.996001
11301,11302,0.996001
11272,11271,0.996001
11271,11272,0.996001
5064,5065,0.995997
5065,5064,0.995997
7318,7320,0.995995
7320,7318,0.995995
6808,6805,0.995982
6805,6808,0.995982
1298,1297,0.995956
1297,1298,0.995956
11573,11570,0.995953
11570,11573,0.995953
7383,7384,0.995945
7384,7383,0.995945
8678,8679,0.995942
8679,8678,0.995942
7108,7106,0.995939
7106,7108,0.995939
5652,5649,0.995921
5649,5652,0.995921
12119,12096,0.995908
12096,12119,0.995908
4809,4807,0.995904
4807,4809,0.995904
10583,10584,0.995898
10584,10583,0.995898
925,922,0.995871
922,925,0.995871
1883,1884,0.995858
1884,1883,0.995858
11303,11304,0.995856
11304,11303,0.995856
9391,9390,0.995841
9390,9391,0.995841
7171,7172,0.995832
7172,7171,0.995832
9511,9512,0.995828
9512,9511,0.995828
11420,11414,0.995825
11414,11420,0.995825
1258,1256,0.995820
1256,1258,0.995820
7445,7449,0.995819
7449,7445,0.995819
10778,10765,0.995809
10765,10778,0.995809
5736,5735,0.995796
5735,5736,0.995796
3693,3694,0.995792
3694,3693,0.995792
1794,1796,0.995782
1796,1794,0.995782
9161,9160,0.995781
9160,9161,0.995781
7006,7005,0.995779
7005,7006,0.995779
7214,7213,0.995774
7213,7214,0.995774
9194,9192,0.995773
9192,9194,0.995773
9055,9057,0.995767
9057,9055,0.995767
10679,10672,0.995763
10672,10679,0.995763
7229,7227,0.995755
7227,7229,0.995755
678,677,0.995748
677,678,0.995748
9303,9300,0.995748
9300,9303,0.995748
10511,10512,0.995746
10512,10511,0.995746
9072,9023,0.995746
9023,9072,0.995746
10147,10148,0.995742
10148,10147,0.995742
2763,2764,0.995741
2764,2763,0.995741
11575,11567,0.995732
11567,11575,0.995732
9574,9573,0.995731
9573,9574,0.995731
1992,1991,0.995729
1991,1992,0.995729
589,588,0.995724
588,589,0.995724
8164,8165,0.995713
8165,8164,0.995713
3396,3397,0.995705
3397,3396,0.995705
7602,7604,0.995701
7604,7602,0.995701
7967,7966,0.995700
7966,7967,0.995700
7289,7287,0.995691
7287,7289,0.995691
11569,11567,0.995674
11567,11569,0.995674
8397,8396,0.995668
8396,8397,0.995668
7113,7102,0.995660
7102,7113,0.995660
7325,7324,0.995660
7324,7325,0.995660
7682,7681,0.995657
7681,7682,0.995657
6986,6976,0.995656
6976,6986,0.995656
630,629,0.995655
629,630,0.995655
9209,9203,0.995651
9203,9209,0.995651
8692,8690,0.995649
8690,8692,0.995649
7524,7522,0.995641
7522,7524,0.995641
9515,9514,0.995635
9514,9515,0.995635
11572,11569,0.995631
11569,11572,0.995631
9058,9057,0.995614
9057,9058,0.995614
6726,6723,0.995610
6723,6726,0.995610
7167,7168,0.995609
7168,7167,0.995609
8418,8417,0.995602
6759,6757,0.995602
6757,6759,0.995602
8417,8418,0.995602
1132,1130,0.995600
1130,1132,0.995600
6727,6728,0.995595
6728,6727,0.995595
8874,8875,0.995592
8875,8874,0.995592
9596,9595,0.995589
9595,9596,0.995589
8554,8555,0.995588
8555,8554,0.995588
8900,8901,0.995587
8901,8900,0.995587
3121,3120,0.995579
3120,3121,0.995579
7668,7669,0.995571
7669,7668,0.995571
2470,2463,0.995570
2463,2470,0.995570
7341,7342,0.995567
7342,7341,0.995567
3582,3580,0.995565
3580,3582,0.995565
7609,7612,0.995565
7612,7609,0.995565
5296,5297,0.995564
5297,5296,0.995564
6840,6779,0.995562
6779,6840,0.995562
1737,1738,0.995562
1738,1737,0.995562
5155,5153,0.995557
5153,5155,0.995557
8423,8424,0.995555
8424,8423,0.995555
9416,9295,0.995553
9295,9416,0.995553
5259,5258,0.995552
5258,5259,0.995552
7740,7801,0.995551
7801,7740,0.995551
4981,4969,0.995551
4969,4981,0.995551
9308,9307,0.995549
9307,9308,0.995549
1321,1320,0.995548
1320,1321,0.995548
3436,3434,0.995548
3434,3436,0.995548
8761,8700,0.995545
8700,8761,0.995545
1411,1412,0.995534
1412,1411,0.995534
6896,6897,0.995533
6897,6896,0.995533
8746,8748,0.995520
8748,8746,0.995520
4851,4852,0.995514
4852,4851,0.995514
8233,8232,0.995513
8232,8233,0.995513
11568,11573,0.995511
11573,11568,0.995511
8571,8584,0.995509
8584,8571,0.995509
1095,1094,0.995500
1094,1095,0.995500
8166,8167,0.995498
8167,8166,0.995498
4982,4859,0.995497
4859,4982,0.995497
9587,9585,0.995494
9585,9587,0.995494
11200,11202,0.995493
11202,11200,0.995493
9236,9237,0.995492
9237,9236,0.995492
11748,11744,0.995492
11744,11748,0.995492
5670,5672,0.995491
5672,5670,0.995491
9472,9473,0.995489
9473,9472,0.995489
4810,4864,0.995488
4864,4810,0.995488
5256,5255,0.995485
5255,5256,0.995485
4831,4830,0.995484
4830,4831,0.995484
9050,9051,0.995482
9051,9050,0.995482
5748,5749,0.995481
5749,5748,0.995481
3696,3697,0.995480
3697,3696,0.995480
7020,7021,0.995466
7021,7020,0.995466
8345,8344,0.995463
8344,8345,0.995463
7389,7390,0.995460
7390,7389,0.995460
9458,9465,0.995453
9465,9458,0.995453
9446,9445,0.995436
9445,9446,0.995436
1169,1167,0.995433
1167,1169,0.995433
7148,7147,0.995427
7147,7148,0.995427
11211,11215,0.995427
11215,11211,0.995427
3705,3706,0.995426
3706,3705,0.995426
7398,7392,0.995424
7392,7398,0.995424
8818,8819,0.995422
8819,8818,0.995422
9432,9433,0.995416
9433,9432,0.995416
1632,1633,0.995410
1633,1632,0.995410
8120,8131,0.995405
8131,8120,0.995405
11172,11158,0.995403
11158,11172,0.995403
11138,11137,0.995399
11137,11138,0.995399
4157,4158,0.995394
4158,4157,0.995394
5177,5178,0.995390
5178,5177,0.995390
5303,5302,0.995390
5302,5303,0.995390
3112,3111,0.995386
3111,3112,0.995386
4894,4893,0.995376
4893,4894,0.995376
8646,8644,0.995373
8644,8646,0.995373
8681,8687,0.995370
8687,8681,0.995370
3055,3049,0.995363
3049,3055,0.995363
1531,1532,0.995356
1532,1531,0.995356
1637,1638,0.995356
1638,1637,0.995356
7793,7800,0.995356
7800,7793,0.995356
6804,6797,0.995352
6797,6804,0.995352
4869,4868,0.995350
4868,4869,0.995350
9330,9332,0.995339
9332,9330,0.995339
12098,11563,0.995333
11563,12098,0.995333
8220,8221,0.995328
8221,8220,0.995328
2348,2349,0.995325
2349,2348,0.995325
4096,4095,0.995324
4095,4096,0.995324
5084,5093,0.995321
5093,5084,0.995321
8789,8788,0.995316
8788,8789,0.995316
7742,7741,0.995314
7741,7742,0.995314
6889,6895,0.995312
6895,6889,0.995312
11275,11277,0.995307
11277,11275,0.995307
1868,1870,0.995306
1870,1868,0.995306
5247,5248,0.995302
5248,5247,0.995302
11556,11559,0.995299
11559,11556,0.995299
5757,5756,0.995296
5756,5757,0.995296
5494,5495,0.995293
5495,5494,0.995293
3691,3690,0.995291
3690,3691,0.995291
10803,10801,0.995288
10801,10803,0.995288
3432,3431,0.995285
3431,3432,0.995285
8995,9000,0.995279
9000,8995,0.995279
9021,9020,0.995274
9020,9021,0.995274
134,136,0.995269
136,134,0.995269
10953,10954,0.995263
10954,10953,0.995263
3597,3598,0.995259
3598,3597,0.995259
6828,6815,0.995257
6815,6828,0.995257
11369,11368,0.995251
11368,11369,0.995251
9213,9194,0.995250
9194,9213,0.995250
7584,7585,0.995245
7585,7584,0.995245
11093,11091,0.995241
11091,11093,0.995241
5164,5154,0.995241
5154,5164,0.995241
7258,7245,0.995240
7245,7258,0.995240
1148,1151,0.995239
1151,1148,0.995239
8156,8155,0.995238
8155,8156,0.995238
11287,11299,0.995237
11299,11287,0.995237
9245,9209,0.995236
9209,9245,0.995236
12458,12457,0.995232
12457,12458,0.995232
9575,9556,0.995227
9556,9575,0.995227
6961,6960,0.995227
6960,6961,0.995227
2981,2980,0.995220
2980,2981,0.995220
7031,7041,0.995219
7041,7031,0.995219
10739,10737,0.995210
10737,10739,0.995210
2254,2253,0.995209
2253,2254,0.995209
1680,1679,0.995197
1679,1680,0.995197
6980,6979,0.995196
6979,6980,0.995196
7297,7296,0.995196
7296,7297,0.995196
1273,1274,0.995195
1274,1273,0.995195
8054,8055,0.995186
8055,8054,0.995186
9096,9098,0.995185
9098,9096,0.995185
4836,4834,0.995185
4834,4836,0.995185
7758,7764,0.995173
7764,7758,0.995173
9032,9033,0.995171
9033,9032,0.995171
8959,8960,0.995168
8960,8959,0.995168
5699,5695,0.995164
5695,5699,0.995164
1581,1586,0.995162
1586,1581,0.995162
8063,8145,0.995161
8145,8063,0.995161
8505,8498,0.995160
8498,8505,0.995160
8266,8265,0.995155
8265,8266,0.995155
3916,3915,0.995154
3915,3916,0.995154
7361,7360,0.995154
7360,7361,0.995154
2972,2971,0.995151
2971,2972,0.995151
10059,10060,0.995141
10060,10059,0.995141
4890,4891,0.995140
4891,4890,0.995140
10727,10729,0.995137
10729,10727,0.995137
8250,8248,0.995132
8248,8250,0.995132
11143,11144,0.995128
11144,11143,0.995128
11086,11099,0.995125
11099,11086,0.995125
941,940,0.995118
940,941,0.995118
9089,9088,0.995110
9088,9089,0.995110
108,106,0.995109
106,108,0.995109
8576,8577,0.995108
8577,8576,0.995108
3646,3645,0.995104
3645,3646,0.995104
9290,9288,0.995103
9288,9290,0.995103
4902,4903,0.995101
4903,4902,0.995101
10546,10545,0.995099
10545,10546,0.995099
3772,3774,0.995092
3774,3772,0.995092
8932,8931,0.995080
8931,8932,0.995080
8327,8316,0.995073
8316,8327,0.995073
9511,9513,0.995072
9513,9511,0.995072
11705,11664,0.995071
11664,11705,0.995071
8672,8671,0.995069
8671,8672,0.995069
8842,8844,0.995068
8844,8842,0.995068
6901,6889,0.995062
6889,6901,0.995062
5291,5290,0.995059
5290,5291,0.995059
3179,3176,0.995058
3176,3179,0.995058
12416,12415,0.995058
12415,12416,0.995058
4119,4120,0.995058
4120,4119,0.995058
9327,9328,0.995055
9328,9327,0.995055
6818,6819,0.995052
1714,1715,0.995048
1715,1714,0.995048
11381,11383,0.995046
11383,11381,0.995046
6859,6852,0.995045
6852,6859,0.995045
7202,7203,0.995043
7203,7202,0.995043
41,42,0.995039
42,41,0.995039
6806,6809,0.995038
6809,6806,0.995038
11498,11496,0.995036
11496,11498,0.995036
6956,6954,0.995033
6954,6956,0.995033
9212,9211,0.995032
9211,9212,0.995032
8972,8967,0.995031
8967,8972,0.995031
7587,7588,0.995028
7588,7587,0.995028
6723,6725,0.995028
6725,6723,0.995028
7421,7420,0.995028
7420,7421,0.995028
8750,8749,0.995024
8749,8750,0.995024
2829,2828,0.995021
2828,2829,0.995021
1141,1142,0.995021
1142,1141,0.995021
840,847,0.995020
847,840,0.995020
11135,11136,0.995019
11136,11135,0.995019
12097,12035,0.995010
12035,12097,0.995010
8175,8174,0.995005
8174,8175,0.995005
889,881,0.995005
881,889,0.995005
4891,4892,0.995004
4892,4891,0.995004
8235,8236,0.995003
8236,8235,0.995003
12469,12470,0.995002
12470,12469,0.995002
735,736,0.995001
736,735,0.995001
3790,2916,0.994998
2916,3790,0.994998
11395,11394,0.994997
11394,11395,0.994997
9077,9078,0.994996
9078,9077,0.994996
657,658,0.994994
658,657,0.994994
7100,7099,0.994992
7099,7100,0.994992
983,995,0.994992
995,983,0.994992
11635,11627,0.994988
11627,11635,0.994988
5142,5143,0.994987
5143,5142,0.994987
7593,7594,0.994981
7594,7593,0.994981
9184,9181,0.994977
9181,9184,0.994977
5291,5293,0.994976
5293,5291,0.994976
11551,11554,0.994968
11554,11551,0.994968
8382,8381,0.994967
8381,8382,0.994967
138,141,0.994965
141,138,0.994965
1859,1858,0.994965
1858,1859,0.994965
5444,5445,0.994964
5445,5444,0.994964
5066,5056,0.994963
5056,5066,0.994963
950,949,0.994957
949,950,0.994957
179,180,0.994955
180,179,0.994955
5823,5824,0.994950
5824,5823,0.994950
2390,2398,0.994950
2398,2390,0.994950
11727,11728,0.994949
11728,11727,0.994949
9154,9155,0.994947
9155,9154,0.994947
9364,9365,0.994944
9365,9364,0.994944
9286,9284,0.994944
9284,9286,0.994944
12096,11541,0.994940
11541,12096,0.994940
1739,1737,0.994939
8206,8219,0.994930
8219,8206,0.994930
2745,2738,0.994930
2738,2745,0.994930
11030,11038,0.994929
11038,11030,0.994929
1619,1547,0.994928
1547,1619,0.994928
6884,6882,0.994924
6882,6884,0.994924
7112,7111,0.994923
7111,7112,0.994923
6947,6946,0.994923
6946,6947,0.994923
11068,11074,0.994923
11074,11068,0.994923
6925,6938,0.994922
6938,6925,0.994922
6879,6880,0.994920
6880,6879,0.994920
8934,8925,0.994920
8925,8934,0.994920
11194,11198,0.994917
11198,11194,0.994917
5741,5743,0.994915
5743,5741,0.994915
7198,7197,0.994912
7197,7198,0.994912
3385,3387,0.994911
3387,3385,0.994911
11565,11567,0.994909
8000,7999,0.994906
7999,8000,0.994906
4141,4140,0.994905
4140,4141,0.994905
12097,12117,0.994901
12117,12097,0.994901
8874,8876,0.994899
8876,8874,0.994899
5391,5392,0.994899
5392,5391,0.994899
7004,7013,0.994892
7013,7004,0.994892
11564,11573,0.994887
11748,11750,0.994885
11750,11748,0.994885
9239,9240,0.994885
9240,9239,0.994885
9509,9508,0.994884
9508,9509,0.994884
9099,9100,0.994883
9100,9099,0.994883
760,761,0.994881
761,760,0.994881
9160,9162,0.994880
9162,9160,0.994880
1755,1757,0.994877
1757,1755,0.994877
8995,9005,0.994877
9005,8995,0.994877
1422,1421,0.994876
1421,1422,0.994876
1213,1214,0.994872
1214,1213,0.994872
5444,5098,0.994870
7345,7339,0.994870
5098,5444,0.994870
7339,7345,0.994870
7891,7885,0.994867
7885,7891,0.994867
1662,1661,0.994866
1661,1662,0.994866
9429,9422,0.994865
9422,9429,0.994865
9536,9537,0.994862
9537,9536,0.994862
8254,8255,0.994861
8255,8254,0.994861
8676,8675,0.994860
8675,8676,0.994860
1745,1744,0.994859
1744,1745,0.994859
1034,1036,0.994856
1036,1034,0.994856
835,837,0.994856
837,835,0.994856
10747,10749,0.994849
10749,10747,0.994849
913,914,0.994848
914,913,0.994848
800,801,0.994847
801,800,0.994847
11307,11368,0.994847
11368,11307,0.994847
2356,2357,0.994845
2357,2356,0.994845
9531,9544,0.994843
9544,9531,0.994843
1982,1983,0.994839
1983,1982,0.994839
3735,3741,0.994836
3741,3735,0.994836
1359,1292,0.994836
1292,1359,0.994836
5147,5148,0.994829
5148,5147,0.994829
9121,9122,0.994828
9122,9121,0.994828
2809,2808,0.994827
2808,2809,0.994827
8924,8923,0.994826
8923,8924,0.994826
11935,11934,0.994825
11934,11935,0.994825
1382,1381,0.994820
1381,1382,0.994820
11557,11560,0.994819
11560,11557,0.994819
8198,8197,0.994816
8197,8198,0.994816
9131,9152,0.994813
9152,9131,0.994813
830,832,0.994813
832,830,0.994813
8574,8573,0.994810
8573,8574,0.994810
5686,5687,0.994810
5687,5686,0.994810
11631,11629,0.994810
11629,11631,0.994810
9051,9052,0.994808
9052,9051,0.994808
743,741,0.994806
8383,8371,0.994800
8371,8383,0.994800
7178,7179,0.994800
7179,7178,0.994800
7702,7703,0.994799
7703,7702,0.994799
2378,2379,0.994797
2379,2378,0.994797
10922,10923,0.994791
10923,10922,0.994791
11323,11335,0.994788
11335,11323,0.994788
4860,4862,0.994779
4862,4860,0.994779
7401,7399,0.994778
7399,7401,0.994778
3136,3146,0.994777
3146,3136,0.994777
3000,2939,0.994775
2939,3000,0.994775
12014,12097,0.994763
8641,8642,0.994756
8642,8641,0.994756
7494,7492,0.994756
7492,7494,0.994756
6739,6743,0.994749
6743,6739,0.994749
10545,10547,0.994743
10547,10545,0.994743
5277,5278,0.994738
5278,5277,0.994738
1423,1421,0.994732
1421,1423,0.994732
9289,9288,0.994732
9288,9289,0.994732
7849,7856,0.994731
7856,7849,0.994731
12035,12117,0.994728
12117,12035,0.994728
10132,10072,0.994728
10072,10132,0.994728
10947,10949,0.994728
10949,10947,0.994728
5182,5193,0.994727
5193,5182,0.994727
1699,1698,0.994727
1698,1699,0.994727
4364,4363,0.994721
4363,4364,0.994721
1696,1695,0.994720
1695,1696,0.994720
7721,7727,0.994718
7727,7721,0.994718
7624,7625,0.994713
7625,7624,0.994713
5257,5255,0.994711
5255,5257,0.994711
9428,9430,0.994704
9430,9428,0.994704
7096,7095,0.994700
7095,7096,0.994700
4921,4918,0.994695
4918,4921,0.994695
6894,6893,0.994695
6893,6894,0.994695
8822,8809,0.994690
8809,8822,0.994690
10713,10714,0.994690
10714,10713,0.994690
2761,2760,0.994688
2760,2761,0.994688
11196,11194,0.994687
11194,11196,0.994687
8080,8079,0.994685
8079,8080,0.994685
8851,8845,0.994679
8845,8851,0.994679
5752,5750,0.994678
5750,5752,0.994678
5694,5692,0.994678
5692,5694,0.994678
7687,7684,0.994677
7684,7687,0.994677
7753,7752,0.994674
7752,7753,0.994674
6754,6756,0.994673
6756,6754,0.994673
9023,9105,0.994673
9105,9023,0.994673
9163,9165,0.994671
9165,9163,0.994671
6943,6942,0.994667
6942,6943,0.994667
414,427,0.994666
427,414,0.994666
9397,9396,0.994664
9396,9397,0.994664
5447,5448,0.994661
5448,5447,0.994661
5155,5152,0.994660
5152,5155,0.994660
118,117,0.994659
117,118,0.994659
9413,9411,0.994654
9411,9413,0.994654
10823,10822,0.994653
10822,10823,0.994653
7983,7984,0.994643
7984,7983,0.994643
9095,9088,0.994642
9088,9095,0.994642
5606,4846,0.994641
4846,5606,0.994641
10622,10623,0.994640
10623,10622,0.994640
1643,1642,0.994639
1642,1643,0.994639
291,290,0.994635
290,291,0.994635
7500,7499,0.994634
7499,7500,0.994634
1376,1375,0.994633
1375,1376,0.994633
7603,7604,0.994631
7604,7603,0.994631
11007,11008,0.994628
11008,11007,0.994628
11015,11016,0.994626
11016,11015,0.994626
7466,7478,0.994617
7478,7466,0.994617
9451,9452,0.994617
9452,9451,0.994617
11246,11247,0.994615
11247,11246,0.994615
9310,9311,0.994614
9311,9310,0.994614
11369,11308,0.994608
11308,11369,0.994608
1914,1916,0.994607
1916,1914,0.994607
8990,8991,0.994606
8991,8990,0.994606
4724,4723,0.994606
4723,4724,0.994606
7445,7446,0.994605
7446,7445,0.994605
10538,10539,0.994600
10539,10538,0.994600
11352,11354,0.994597
11354,11352,0.994597
10634,10636,0.994594
10636,10634,0.994594
5234,5235,0.994590
5235,5234,0.994590
1834,1833,0.994590
1833,1834,0.994590
6848,6849,0.994582
6849,6848,0.994582
7248,7247,0.994581
7247,7248,0.994581
10244,10245,0.994577
10245,10244,0.994577
3780,3740,0.994573
3740,3780,0.994573
10943,11024,0.994573
11024,10943,0.994573
2851,2850,0.994570
2850,2851,0.994570
9177,9184,0.994568
9184,9177,0.994568
8244,8242,0.994567
8242,8244,0.994567
7016,7015,0.994566
7015,7016,0.994566
3122,3132,0.994564
3132,3122,0.994564
9579,9580,0.994560
9580,9579,0.994560
10780,10779,0.994559
10779,10780,0.994559
848,846,0.994556
846,848,0.994556
96,98,0.994555
98,96,0.994555
8545,8546,0.994555
8546,8545,0.994555
7600,7603,0.994555
7603,7600,0.994555
3106,3104,0.994551
3104,3106,0.994551
714,716,0.994550
716,714,0.994550
5191,5192,0.994547
5192,5191,0.994547
8768,8748,0.994547
8748,8768,0.994547
9111,9113,0.994545
9113,9111,0.994545
8551,8553,0.994544
8553,8551,0.994544
4860,4861,0.994538
4861,4860,0.994538
8565,8564,0.994535
8564,8565,0.994535
5154,5159,0.994533
5159,5154,0.994533
5421,5423,0.994530
5423,5421,0.994530
5361,5362,0.994527
5362,5361,0.994527
11631,11627,0.994520
11627,11631,0.994520
9132,9153,0.994519
9153,9132,0.994519
1336,1327,0.994516
1327,1336,0.994516
3628,3627,0.994511
3627,3628,0.994511
10683,10684,0.994510
10684,10683,0.994510
5690,5697,0.994508
5697,5690,0.994508
11682,11664,0.994508
11664,11682,0.994508
4156,4155,0.994508
4155,4156,0.994508
4828,4829,0.994508
4829,4828,0.994508
11071,11072,0.994506
11072,11071,0.994506
10882,11042,0.994504
11042,10882,0.994504
3649,3648,0.994499
3648,3649,0.994499
10352,10350,0.994497
10350,10352,0.994497
8180,8178,0.994497
8178,8180,0.994497
5339,5340,0.994497
5340,5339,0.994497
6822,6817,0.994497
6817,6822,0.994497
9460,9457,0.994494
9457,9460,0.994494
1827,1825,0.994492
1825,1827,0.994492
3707,3705,0.994491
3705,3707,0.994491
3277,3276,0.994490
3276,3277,0.994490
4915,4916,0.994490
4916,4915,0.994490
1890,1889,0.994487
1889,1890,0.994487
9319,9313,0.994487
9313,9319,0.994487
7862,7849,0.994486
7849,7862,0.994486
29,28,0.994484
28,29,0.994484
8889,8888,0.994483
8888,8889,0.994483
1249,1250,0.994481
1250,1249,0.994481
10556,10555,0.994480
10555,10556,0.994480
11196,11199,0.994480
11199,11196,0.994480
8357,8356,0.994479
8356,8357,0.994479
5541,5540,0.994477
5540,5541,0.994477
8551,8552,0.994476
8552,8551,0.994476
5008,5007,0.994476
5007,5008,0.994476
6997,7012,0.994473
7012,6997,0.994473
962,963,0.994471
963,962,0.994471
10874,10875,0.994471
10875,10874,0.994471
3113,3111,0.994470
3111,3113,0.994470
6825,6827,0.994467
6827,6825,0.994467
9334,9333,0.994467
9333,9334,0.994467
8425,8438,0.994467
8438,8425,0.994467
9677,9675,0.994464
9675,9677,0.994464
4022,4023,0.994458
4023,4022,0.994458
4803,4806,0.994455
4806,4803,0.994455
7885,7898,0.994449
7898,7885,0.994449
5357,5345,0.994446
5345,5357,0.994446
4532,4530,0.994445
4530,4532,0.994445
3164,3735,0.994442
3735,3164,0.994442
7613,7612,0.994438
9094,9089,0.994429
9089,9094,0.994429
9383,9384,0.994426
9384,9383,0.994426
10840,10830,0.994419
10830,10840,0.994419
6902,6779,0.994417
6779,6902,0.994417
1876,1878,0.994417
1878,1876,0.994417
937,936,0.994415
936,937,0.994415
7362,7355,0.994410
7355,7362,0.994410
9398,9385,0.994408
9385,9398,0.994408
8483,8484,0.994406
8484,8483,0.994406
3262,3267,0.994406
3267,3262,0.994406
3377,3376,0.994406
3376,3377,0.994406
3968,3969,0.994405
3969,3968,0.994405
64,65,0.994402
65,64,0.994402
4808,4807,0.994402
4807,4808,0.994402
2914,2916,0.994401
2916,2914,0.994401
4503,4504,0.994401
4504,4503,0.994401
8724,8718,0.994398
8718,8724,0.994398
3164,3173,0.994396
3173,3164,0.994396
12143,12152,0.994395
11629,11627,0.994394
1748,1747,0.994393
1747,1748,0.994393
3555,3557,0.994392
3557,3555,0.994392
7590,7592,0.994389
7592,7590,0.994389
7582,7581,0.994389
7581,7582,0.994389
1968,1967,0.994389
1967,1968,0.994389
11565,11575,0.994385
8228,8227,0.994382
8227,8228,0.994382
6771,6772,0.994373
6772,6771,0.994373
5472,5478,0.994372
5478,5472,0.994372
4956,4957,0.994372
4957,4956,0.994372
4880,4879,0.994362
4879,4880,0.994362
5225,5260,0.994359
5260,5225,0.994359
368,367,0.994357
367,368,0.994357
1163,1162,0.994357
1162,1163,0.994357
1697,1684,0.994354
1684,1697,0.994354
404,403,0.994353
403,404,0.994353
9483,9484,0.994348
9484,9483,0.994348
7661,7663,0.994347
7663,7661,0.994347
1353,1354,0.994346
1354,1353,0.994346
1418,1420,0.994342
1420,1418,0.994342
7947,7937,0.994337
7937,7947,0.994337
6919,6920,0.994335
6920,6919,0.994335
564,565,0.994330
3449,3448,0.994330
565,564,0.994330
3448,3449,0.994330
10779,10751,0.994328
10751,10779,0.994328
5653,5650,0.994327
5650,5653,0.994327
1165,1164,0.994325
1164,1165,0.994325
3114,3116,0.994323
3116,3114,0.994323
9249,9248,0.994322
9248,9249,0.994322
7440,7441,0.994321
7441,7440,0.994321
3938,3937,0.994317
3937,3938,0.994317
10694,10695,0.994313
10695,10694,0.994313
11563,12239,0.994308
12239,11563,0.994308
9320,9322,0.994307
9322,9320,0.994307
7715,7716,0.994302
7716,7715,0.994302
1674,1670,0.994301
1670,1674,0.994301
942,940,0.994298
940,942,0.994298
9098,9099,0.994297
9099,9098,0.994297
6914,6913,0.994297
6913,6914,0.994297
3379,3378,0.994296
3378,3379,0.994296
2370,2359,0.994293
2359,2370,0.994293
5380,5393,0.994284
5393,5380,0.994284
9022,9028,0.994280
9028,9022,0.994280
5619,5660,0.994274
5660,5619,0.994274
1620,1619,0.994269
1619,1620,0.994269
5121,5111,0.994266
5111,5121,0.994266
2988,2975,0.994266
2975,2988,0.994266
1317,1316,0.994265
1316,1317,0.994265
2686,2684,0.994264
2684,2686,0.994264
3750,3752,0.994263
3752,3750,0.994263
3434,3435,0.994255
3435,3434,0.994255
1641,1640,0.994253
1640,1641,0.994253
8294,8295,0.994247
8295,8294,0.994247
4961,4962,0.994247
4962,4961,0.994247
9609,9608,0.994247
9608,9609,0.994247
2091,2092,0.994247
2092,2091,0.994247
7813,7820,0.994241
7820,7813,0.994241
11393,11392,0.994237
11392,11393,0.994237
8640,8639,0.994234
8639,8640,0.994234
9607,9604,0.994233
9604,9607,0.994233
7203,7204,0.994231
7204,7203,0.994231
8129,8128,0.994231
8128,8129,0.994231
8462,8469,0.994229
8469,8462,0.994229
7335,7336,0.994229
7336,7335,0.994229
7406,7404,0.994228
7404,7406,0.994228
5446,5444,0.994228
7645,7644,0.994228
7644,7645,0.994228
5238,5237,0.994225
5237,5238,0.994225
9482,9480,0.994224
9480,9482,0.994224
5124,5107,0.994224
5107,5124,0.994224
780,778,0.994224
1722,1711,0.994220
1711,1722,0.994220
12126,12035,0.994217
6767,6765,0.994216
6765,6767,0.994216
8644,8647,0.994213
8647,8644,0.994213
7554,7553,0.994213
7553,7554,0.994213
9610,9608,0.994212
9608,9610,0.994212
815,816,0.994211
816,815,0.994211
7965,7974,0.994200
7974,7965,0.994200
4952,4953,0.994200
4953,4952,0.994200
11378,11391,0.994198
11391,11378,0.994198
11667,11668,0.994198
11668,11667,0.994198
908,909,0.994197
909,908,0.994197
7058,7057,0.994195
7057,7058,0.994195
6748,6749,0.994193
6749,6748,0.994193
7311,7312,0.994190
7312,7311,0.994190
8223,8224,0.994190
8224,8223,0.994190
7763,7765,0.994185
7765,7763,0.994185
5935,5933,0.994182
5933,5935,0.994182
4895,4908,0.994179
4908,4895,0.994179
8,9,0.994178
9,8,0.994178
8703,8704,0.994176
8704,8703,0.994176
1738,1718,0.994174
1718,1738,0.994174
3365,3363,0.994169
3363,3365,0.994169
3589,3588,0.994167
3588,3589,0.994167
1941,1943,0.994164
1943,1941,0.994164
9316,9317,0.994155
9317,9316,0.994155
8747,8746,0.994153
8746,8747,0.994153
12449,12447,0.994148
12447,12449,0.994148
11707,11706,0.994147
11706,11707,0.994147
3176,3175,0.994145
3175,3176,0.994145
9147,9146,0.994142
9146,9147,0.994142
4854,4853,0.994141
4853,4854,0.994141
3426,3424,0.994139
3424,3426,0.994139
3394,3393,0.994138
3393,3394,0.994138
9280,9279,0.994138
9279,9280,0.994138
10863,10858,0.994135
10858,10863,0.994135
8996,8994,0.994133
8994,8996,0.994133
1704,1703,0.994130
1703,1704,0.994130
7446,7448,0.994126
7448,7446,0.994126
9148,9150,0.994123
9150,9148,0.994123
2613,2614,0.994123
2614,2613,0.994123
7655,7656,0.994118
7656,7655,0.994118
8858,8845,0.994118
8845,8858,0.994118
3851,3844,0.994113
3844,3851,0.994113
8815,8814,0.994112
8814,8815,0.994112
1082,1020,0.994112
1020,1082,0.994112
4825,4826,0.994109
4826,4825,0.994109
201,195,0.994106
195,201,0.994106
8307,8305,0.994106
8305,8307,0.994106
3240,3241,0.994104
3241,3240,0.994104
9086,9234,0.994098
9234,9086,0.994098
8499,8497,0.994098
8497,8499,0.994098
8649,8648,0.994097
8648,8649,0.994097
6903,6904,0.994094
6904,6903,0.994094
4138,4137,0.994091
4137,4138,0.994091
1054,1053,0.994090
1053,1054,0.994090
9503,9502,0.994090
9502,9503,0.994090
1220,1219,0.994087
1219,1220,0.994087
170,171,0.994078
171,170,0.994078
1580,1586,0.994078
1586,1580,0.994078
7417,7418,0.994071
7418,7417,0.994071
9281,9282,0.994067
9282,9281,0.994067
1404,1403,0.994066
1403,1404,0.994066
5742,5741,0.994060
5741,5742,0.994060
7521,7522,0.994059
7522,7521,0.994059
11717,11716,0.994057
11716,11717,0.994057
1632,1634,0.994056
1634,1632,0.994056
50,49,0.994056
49,50,0.994056
8444,8443,0.994055
8443,8444,0.994055
1671,1670,0.994054
1670,1671,0.994054
11551,11560,0.994054
1511,1499,0.994053
1499,1511,0.994053
2883,2886,0.994052
2886,2883,0.994052
5183,5264,0.994052
5264,5183,0.994052
3950,3949,0.994051
3949,3950,0.994051
9400,9401,0.994049
9401,9400,0.994049
8139,8140,0.994047
8140,8139,0.994047
5132,5133,0.994047
5133,5132,0.994047
9314,9312,0.994046
9312,9314,0.994046
8201,8200,0.994046
8200,8201,0.994046
3515,3522,0.994043
3522,3515,0.994043
820,819,0.994040
819,820,0.994040
505,506,0.994036
506,505,0.994036
8335,8456,0.994034
8456,8335,0.994034
7339,7338,0.994031
7338,7339,0.994031
5365,5364,0.994030
5364,5365,0.994030
1401,1400,0.994029
1400,1401,0.994029
8495,8494,0.994027
8494,8495,0.994027
9339,9338,0.994026
9338,9339,0.994026
495,435,0.994024
435,495,0.994024
531,532,0.994024
532,531,0.994024
8378,8379,0.994022
8379,8378,0.994022
8230,8229,0.994021
8229,8230,0.994021
6818,6822,0.994014
1729,1730,0.994008
1730,1729,0.994008
3012,3019,0.994005
3019,3012,0.994005
2805,2806,0.994004
2806,2805,0.994004
2025,2026,0.994004
2026,2025,0.994004
965,966,0.994003
966,965,0.994003
3482,3481,0.994003
3481,3482,0.994003
7689,7688,0.994002
7688,7689,0.994002
2,1,0.994000
1,2,0.994000
6890,6891,0.993999
6891,6890,0.993999
1645,1646,0.993998
1646,1645,0.993998
2928,2929,0.993998
2929,2928,0.993998
3711,3699,0.993997
3699,3711,0.993997
1659,1658,0.993994
1658,1659,0.993994
7631,7632,0.993990
7632,7631,0.993990
12427,12425,0.993989
12425,12427,0.993989
7854,7855,0.993989
7855,7854,0.993989
8827,8988,0.993985
8988,8827,0.993985
7799,7802,0.993982
7802,7799,0.993982
2982,2983,0.993982
2983,2982,0.993982
7422,7420,0.993981
7420,7422,0.993981
9420,9421,0.993981
9421,9420,0.993981
582,581,0.993979
581,582,0.993979
6973,6974,0.993977
6974,6973,0.993977
2753,2752,0.993970
2752,2753,0.993970
6829,6831,0.993967
6831,6829,0.993967
3184,3183,0.993967
3183,3184,0.993967
10360,10361,0.993967
10361,10360,0.993967
445,443,0.993967
443,445,0.993967
8508,8509,0.993963
8509,8508,0.993963
11026,11028,0.993963
11028,11026,0.993963
533,534,0.993963
534,533,0.993963
4924,4923,0.993960
4923,4924,0.993960
499,500,0.993959
500,499,0.993959
900,899,0.993958
899,900,0.993958
7276,7274,0.993958
7274,7276,0.993958
1905,1904,0.993958
1904,1905,0.993958
5738,5739,0.993952
5739,5738,0.993952
11350,11347,0.993947
11347,11350,0.993947
9585,9586,0.993942
9586,9585,0.993942
10467,10455,0.993941
10455,10467,0.993941
9097,9089,0.993938
5283,5285,0.993937
5285,5283,0.993937
7340,7338,0.993937
7338,7340,0.993937
9083,9415,0.993935
9415,9083,0.993935
2773,2775,0.993935
2775,2773,0.993935
8234,8232,0.993934
8232,8234,0.993934
488,487,0.993933
487,488,0.993933
7400,7396,0.993933
7396,7400,0.993933
10883,10881,0.993931
10881,10883,0.993931
8040,8035,0.993929
8035,8040,0.993929
924,925,0.993924
925,924,0.993924
9582,9583,0.993920
9583,9582,0.993920
459,460,0.993920
460,459,0.993920
5434,5436,0.993915
5436,5434,0.993915
1040,1038,0.993914
1038,1040,0.993914
697,695,0.993912
695,697,0.993912
9052,9050,0.993911
9050,9052,0.993911
8805,8806,0.993909
8806,8805,0.993909
554,555,0.993905
555,554,0.993905
1794,1795,0.993905
1795,1794,0.993905
7204,7202,0.993905
7202,7204,0.993905
8623,8622,0.993902
8622,8623,0.993902
8962,8952,0.993901
8952,8962,0.993901
715,729,0.993900
729,715,0.993900
9358,9356,0.993897
9356,9358,0.993897
11295,11294,0.993896
11294,11295,0.993896
7209,7207,0.993891
7207,7209,0.993891
1001,1003,0.993889
1003,1001,0.993889
5138,5137,0.993888
5137,5138,0.993888
3362,3360,0.993886
3360,3362,0.993886
2708,2707,0.993885
2707,2708,0.993885
9582,9584,0.993884
9584,9582,0.993884
11100,11101,0.993880
11101,11100,0.993880
8873,8871,0.993880
8871,8873,0.993880
12224,12231,0.993878
12231,12224,0.993878
3437,3425,0.993878
3425,3437,0.993878
1434,1432,0.993876
1432,1434,0.993876
9299,9301,0.993875
9301,9299,0.993875
8359,8353,0.993873
8353,8359,0.993873
6984,6985,0.993871
6985,6984,0.993871
7356,7354,0.993869
7354,7356,0.993869
9999,10000,0.993868
10000,9999,0.993868
5126,5131,0.993866
5131,5126,0.993866
4695,4701,0.993865
4701,4695,0.993865
8715,8716,0.993864
8716,8715,0.993864
8767,8766,0.993860
8766,8767,0.993860
8421,8422,0.993860
8422,8421,0.993860
9213,9192,0.993859
9192,9213,0.993859
8818,8820,0.993859
8820,8818,0.993859
9075,9076,0.993857
9076,9075,0.993857
8542,8543,0.993855
8543,8542,0.993855
4080,4081,0.993854
4081,4080,0.993854
3092,3340,0.993851
3340,3092,0.993851
8291,8290,0.993849
8290,8291,0.993849
8389,8390,0.993849
8390,8389,0.993849
7262,7281,0.993847
7281,7262,0.993847
8862,8863,0.993845
8863,8862,0.993845
3518,3517,0.993845
3517,3518,0.993845
16,17,0.993841
17,16,0.993841
607,609,0.993841
609,607,0.993841
8762,8759,0.993840
8759,8762,0.993840
10654,10653,0.993834
10653,10654,0.993834
2733,2732,0.993832
2732,2733,0.993832
8432,8430,0.993832
8430,8432,0.993832
8769,8770,0.993831
8770,8769,0.993831
4909,4911,0.993829
4911,4909,0.993829
5351,5350,0.993827
5350,5351,0.993827
1720,1723,0.993827
1723,1720,0.993827
7216,7217,0.993823
7217,7216,0.993823
794,795,0.993814
795,794,0.993814
9378,9377,0.993813
9377,9378,0.993813
9473,9475,0.993810
9475,9473,0.993810
11329,11328,0.993809
11328,11329,0.993809
9083,9093,0.993803
9093,9083,0.993803
11129,11123,0.993802
11123,11129,0.993802
2680,2681,0.993800
2681,2680,0.993800
7282,7281,0.993799
7281,7282,0.993799
10616,10618,0.993796
10618,10616,0.993796
12017,11835,0.993795
537,536,0.993795
536,537,0.993795
10508,10509,0.993794
10509,10508,0.993794
9262,9263,0.993793
9263,9262,0.993793
558,559,0.993793
559,558,0.993793
3144,3145,0.993789
3145,3144,0.993789
12126,12117,0.993788
7600,7601,0.993786
7601,7600,0.993786
6838,6841,0.993786
6841,6838,0.993786
1896,1897,0.993781
1897,1896,0.993781
8360,8361,0.993780
8361,8360,0.993780
62,63,0.993778
63,62,0.993778
3991,3990,0.993777
3990,3991,0.993777
5509,5508,0.993772
5508,5509,0.993772
8061,8060,0.993771
8060,8061,0.993771
1910,1913,0.993770
1913,1910,0.993770
8062,8068,0.993768
8068,8062,0.993768
9174,9170,0.993764
9170,9174,0.993764
103,102,0.993761
102,103,0.993761
4823,4821,0.993761
4821,4823,0.993761
1822,1823,0.993756
1823,1822,0.993756
6698,6699,0.993752
6699,6698,0.993752
9466,9467,0.993752
9467,9466,0.993752
12447,12448,0.993750
12448,12447,0.993750
7648,7647,0.993750
7647,7648,0.993750
8296,8297,0.993749
8297,8296,0.993749
1723,1712,0.993747
1712,1723,0.993747
7171,7169,0.993747
7169,7171,0.993747
4900,4899,0.993746
4899,4900,0.993746
4376,4375,0.993745
4375,4376,0.993745
10915,10924,0.993741
10924,10915,0.993741
944,946,0.993741
946,944,0.993741
6882,6883,0.993740
6883,6882,0.993740
2700,2701,0.993739
2701,2700,0.993739
7591,7590,0.993738
7590,7591,0.993738
8020,8021,0.993737
8021,8020,0.993737
1160,1159,0.993736
1159,1160,0.993736
3511,3512,0.993735
3512,3511,0.993735
8193,8192,0.993732
8192,8193,0.993732
8006,8008,0.993730
8008,8006,0.993730
11266,11267,0.993728
11267,11266,0.993728
2084,2085,0.993725
2085,2084,0.993725
8441,8440,0.993723
8440,8441,0.993723
7184,7103,0.993721
7103,7184,0.993721
11239,11238,0.993720
11238,11239,0.993720
1717,1718,0.993719
1718,1717,0.993719
1029,1028,0.993719
1028,1029,0.993719
5005,5018,0.993716
5018,5005,0.993716
3013,3011,0.993715
3011,3013,0.993715
9157,9158,0.993715
9158,9157,0.993715
9528,9527,0.993714
9527,9528,0.993714
6768,6769,0.993712
6769,6768,0.993712
11252,11249,0.993709
11249,11252,0.993709
5222,5223,0.993705
5223,5222,0.993705
264,265,0.993694
265,264,0.993694
5328,5327,0.993694
5327,5328,0.993694
3115,3114,0.993693
3114,3115,0.993693
4446,4439,0.993690
4439,4446,0.993690
3441,3442,0.993686
3442,3441,0.993686
1302,1304,0.993680
1304,1302,0.993680
6761,6766,0.993675
6766,6761,0.993675
7688,7690,0.993673
7690,7688,0.993673
11322,11324,0.993672
11324,11322,0.993672
5704,5705,0.993670
5705,5704,0.993670
1623,1624,0.993666
1624,1623,0.993666
3181,3180,0.993663
3180,3181,0.993663
9440,9441,0.993658
9441,9440,0.993658
8832,8831,0.993657
8831,8832,0.993657
11513,11514,0.993655
11514,11513,0.993655
5252,5251,0.993655
5251,5252,0.993655
9462,9464,0.993650
9464,9462,0.993650
8446,8445,0.993649
8445,8446,0.993649
1892,1891,0.993648
1891,1892,0.993648
255,254,0.993648
254,255,0.993648
5467,5466,0.993646
5466,5467,0.993646
11139,11140,0.993642
11140,11139,0.993642
1886,1885,0.993641
1885,1886,0.993641
5215,5214,0.993634
5214,5215,0.993634
10318,10316,0.993634
10316,10318,0.993634
7313,7300,0.993632
7300,7313,0.993632
8137,8136,0.993630
8136,8137,0.993630
279,280,0.993629
280,279,0.993629
7408,7407,0.993628
7407,7408,0.993628
3635,3634,0.993627
3634,3635,0.993627
5485,5472,0.993626
5472,5485,0.993626
643,642,0.993625
642,643,0.993625
248,247,0.993625
247,248,0.993625
11292,11289,0.993623
11289,11292,0.993623
11625,11632,0.993619
11632,11625,0.993619
4397,4398,0.993618
4398,4397,0.993618
6464,6463,0.993618
6463,6464,0.993618
4085,4086,0.993616
4086,4085,0.993616
3751,3750,0.993616
3750,3751,0.993616
6951,6953,0.993614
6953,6951,0.993614
10820,10821,0.993614
10821,10820,0.993614
2857,2856,0.993612
2856,2857,0.993612
7239,7241,0.993610
7241,7239,0.993610
4999,5001,0.993609
5001,4999,0.993609
10579,10578,0.993605
10578,10579,0.993605
11146,11145,0.993604
11145,11146,0.993604
7423,7459,0.993603
7459,7423,0.993603
10629,10628,0.993601
10628,10629,0.993601
400,399,0.993601
399,400,0.993601
1975,1973,0.993598
1973,1975,0.993598
3493,3519,0.993596
3519,3493,0.993596
11023,11022,0.993595
11022,11023,0.993595
9912,9922,0.993594
9922,9912,0.993594
1339,1340,0.993593
1340,1339,0.993593
5083,5082,0.993593
5082,5083,0.993593
8859,8860,0.993593
8860,8859,0.993593
2691,2692,0.993592
2692,2691,0.993592
7130,7148,0.993591
7148,7130,0.993591
2389,2393,0.993589
2393,2389,0.993589
